1 0.477931 0.330000 0.057931 0.222500
1 0.411379 0.528125 0.093103 0.211250
1 0.168621 0.715625 0.140000 0.133750
1 0.308276 0.193750 0.078621 0.182500
1 0.149655 0.263750 0.063448 0.120000
1 0.457931 0.133125 0.056552 0.193750
1 0.652069 0.152500 0.055862 0.210000
1 0.704828 0.200000 0.057931 0.135000
1 0.766207 0.178125 0.056552 0.146250
1 0.528966 0.687500 0.085517 0.125000
1 0.465517 0.781875 0.082759 0.148750
1 0.359310 0.599375 0.064828 0.093750
1 0.943448 0.751875 0.113103 0.106250
1 0.855862 0.193750 0.080000 0.145000
