1 0.238966 0.491875 0.097241 0.141250
1 0.196207 0.699375 0.149655 0.163750
1 0.407586 0.675000 0.106207 0.167500
1 0.493448 0.778125 0.100000 0.166250
1 0.691724 0.160625 0.070345 0.188750
1 0.864138 0.442500 0.106207 0.150000
1 0.812414 0.226250 0.053793 0.132500
1 0.740345 0.222500 0.055862 0.132500
1 0.939310 0.741875 0.121379 0.101250
1 0.948276 0.528125 0.093793 0.101250
1 0.896207 0.530000 0.075172 0.087500
1 0.362759 0.165000 0.056552 0.165000
1 0.252759 0.213125 0.077931 0.143750
1 0.157241 0.285000 0.055172 0.117500
