1 0.632069 0.161875 0.073793 0.198750
1 0.515172 0.658750 0.113103 0.170000
1 0.775517 0.194375 0.084828 0.198750
1 0.328966 0.214375 0.086897 0.206250
1 0.299310 0.669375 0.102069 0.128750
1 0.202759 0.706875 0.106207 0.121250
1 0.746897 0.659375 0.113103 0.168750
1 0.801379 0.723125 0.135172 0.103750
1 0.870690 0.756875 0.111034 0.121250
1 0.233793 0.225625 0.051034 0.151250
1 0.292069 0.282500 0.080690 0.180000
1 0.184138 0.295000 0.078621 0.137500
1 0.133448 0.256250 0.022759 0.065000
1 0.937586 0.717500 0.044828 0.145000
