1 0.430345 0.531250 0.084138 0.157500
1 0.611724 0.235000 0.070345 0.225000
1 0.518276 0.125000 0.072414 0.210000
1 0.397931 0.265625 0.073103 0.203750
1 0.153448 0.301875 0.079310 0.141250
1 0.227586 0.205625 0.048276 0.113750
1 0.269310 0.180000 0.057241 0.165000
1 0.272759 0.291875 0.072414 0.136250
1 0.387931 0.799375 0.091724 0.176250
1 0.942414 0.692500 0.115172 0.100000
1 0.850000 0.668750 0.086207 0.117500
1 0.751034 0.755625 0.111724 0.128750
1 0.812069 0.214375 0.071034 0.163750
1 0.762414 0.186250 0.058621 0.182500
