1 0.293103 0.329375 0.097931 0.163750
1 0.437586 0.354375 0.080690 0.246250
1 0.475862 0.235000 0.071724 0.212500
1 0.505862 0.110625 0.082069 0.116250
1 0.735172 0.181875 0.071724 0.166250
1 0.778966 0.201875 0.060000 0.181250
1 0.752069 0.741250 0.105517 0.105000
1 0.508621 0.740000 0.084828 0.152500
1 0.412414 0.617500 0.081379 0.147500
1 0.376552 0.784375 0.095172 0.143750
1 0.186552 0.257500 0.077931 0.152500
1 0.190690 0.717500 0.141379 0.115000
1 0.902069 0.598750 0.099310 0.132500
1 0.820345 0.740000 0.090345 0.137500
1 0.197586 0.564375 0.066897 0.093750
1 0.106207 0.746250 0.077241 0.095000
