1 0.367241 0.403125 0.095862 0.193750
1 0.567586 0.213750 0.068966 0.222500
1 0.516207 0.136875 0.051724 0.241250
1 0.275172 0.255625 0.064828 0.176250
1 0.121034 0.480625 0.101379 0.116250
1 0.099310 0.590625 0.104828 0.118750
1 0.369655 0.719375 0.099310 0.133750
1 0.496207 0.745000 0.082069 0.122500
1 0.566207 0.802500 0.068966 0.167500
1 0.771724 0.771875 0.108966 0.113750
1 0.825517 0.268125 0.080000 0.166250
1 0.818276 0.656875 0.108276 0.126250
1 0.908621 0.740000 0.116552 0.105000
1 0.367931 0.278750 0.077931 0.140000
1 0.210345 0.716250 0.146207 0.110000
1 0.119310 0.729375 0.082759 0.091250
