1 0.189655 0.261250 0.080000 0.117500
1 0.129655 0.311875 0.049655 0.136250
1 0.312414 0.180625 0.066207 0.181250
1 0.468276 0.151875 0.053793 0.231250
1 0.553448 0.119375 0.058621 0.231250
1 0.180345 0.578750 0.108276 0.117500
1 0.397931 0.787500 0.111724 0.170000
1 0.837241 0.529375 0.104828 0.161250
1 0.718621 0.778125 0.093793 0.116250
1 0.786207 0.227500 0.103448 0.140000
1 0.228276 0.702500 0.122759 0.112500
1 0.929655 0.720000 0.120000 0.125000
1 0.834138 0.267500 0.066897 0.160000
1 0.276552 0.211875 0.060690 0.173750
