1 0.504828 0.149375 0.057931 0.233750
1 0.776207 0.191875 0.079310 0.208750
1 0.246897 0.216250 0.085517 0.160000
1 0.266552 0.623750 0.077931 0.097500
1 0.066897 0.640625 0.096552 0.093750
1 0.164828 0.301250 0.107586 0.115000
1 0.820000 0.657500 0.133793 0.132500
1 0.790345 0.774375 0.168276 0.131250
1 0.286897 0.762500 0.126897 0.110000
1 0.182414 0.718125 0.094483 0.128750
1 0.899310 0.543125 0.099310 0.123750
1 0.948621 0.740625 0.093103 0.076250
1 0.916207 0.430000 0.083448 0.085000
1 0.545862 0.134375 0.055862 0.218750
1 0.873793 0.157500 0.046897 0.110000
