1 0.431034 0.243125 0.049655 0.211250
1 0.492759 0.162500 0.077931 0.105000
1 0.768276 0.194375 0.070345 0.168750
1 0.813793 0.180625 0.051034 0.101250
1 0.332069 0.131250 0.071034 0.130000
1 0.240345 0.206250 0.064138 0.127500
1 0.163448 0.305625 0.075862 0.141250
1 0.753793 0.781875 0.092414 0.118750
1 0.817931 0.690000 0.111724 0.087500
1 0.944828 0.745000 0.110345 0.080000
1 0.441379 0.772500 0.140690 0.122500
1 0.179310 0.718125 0.122759 0.113750
1 0.120345 0.806250 0.097241 0.090000
1 0.326207 0.748125 0.068966 0.121250
1 0.373793 0.715000 0.074483 0.092500
