1 0.443448 0.686875 0.103448 0.168750
1 0.488276 0.432500 0.064828 0.230000
1 0.678966 0.298750 0.095862 0.230000
1 0.844138 0.293125 0.091034 0.131250
1 0.780345 0.198125 0.093103 0.198750
1 0.387241 0.330625 0.094483 0.208750
1 0.365172 0.163750 0.064138 0.172500
1 0.299655 0.250625 0.075172 0.201250
1 0.910345 0.422500 0.103448 0.132500
1 0.919310 0.558125 0.086897 0.101250
1 0.949655 0.725000 0.100690 0.080000
1 0.185862 0.260625 0.077931 0.128750
1 0.142414 0.266250 0.032414 0.092500
1 0.252759 0.190625 0.039310 0.158750
