1 0.201379 0.701875 0.147586 0.128750
1 0.498621 0.731250 0.086897 0.157500
1 0.498966 0.197500 0.043448 0.240000
1 0.670690 0.227500 0.071034 0.242500
1 0.544483 0.137500 0.047586 0.205000
1 0.594828 0.096250 0.040690 0.142500
1 0.347586 0.154375 0.064828 0.168750
1 0.272414 0.158125 0.059310 0.128750
1 0.270345 0.258125 0.059310 0.111250
1 0.806897 0.218750 0.085517 0.165000
1 0.824483 0.743125 0.108276 0.118750
1 0.742414 0.776250 0.108276 0.097500
1 0.893793 0.428125 0.088276 0.158750
1 0.921379 0.522500 0.111724 0.130000
1 0.864828 0.207500 0.053793 0.102500
