1 0.364483 0.537500 0.087586 0.145000
1 0.663448 0.171250 0.062069 0.230000
1 0.739655 0.178750 0.071034 0.192500
1 0.790690 0.204375 0.066897 0.178750
1 0.261724 0.213750 0.046207 0.167500
1 0.142414 0.342500 0.080690 0.145000
1 0.214828 0.710000 0.124828 0.090000
1 0.816207 0.710000 0.163448 0.127500
1 0.948621 0.737500 0.102759 0.090000
1 0.931379 0.673125 0.113793 0.123750
1 0.537586 0.605625 0.082069 0.163750
1 0.530345 0.763125 0.067586 0.163750
1 0.128966 0.701250 0.070345 0.097500
1 0.862069 0.186875 0.059310 0.106250
