1 0.289310 0.275000 0.077931 0.180000
1 0.544483 0.126875 0.060000 0.231250
1 0.789310 0.216250 0.094483 0.172500
1 0.465862 0.683125 0.088966 0.163750
1 0.184828 0.701875 0.088276 0.111250
1 0.285517 0.690625 0.121379 0.106250
1 0.230345 0.241250 0.070345 0.152500
1 0.103448 0.391875 0.066207 0.108750
1 0.118966 0.314375 0.044828 0.088750
1 0.886552 0.261875 0.072414 0.133750
1 0.824483 0.696875 0.124828 0.108750
1 0.890345 0.743125 0.084138 0.126250
1 0.317931 0.178750 0.082759 0.200000
1 0.743103 0.773750 0.062759 0.155000
