1 0.494138 0.698125 0.120690 0.151250
1 0.565172 0.130625 0.051724 0.211250
1 0.510690 0.127500 0.044828 0.205000
1 0.618276 0.174375 0.088966 0.181250
1 0.745517 0.188750 0.070345 0.180000
1 0.781379 0.225000 0.068966 0.192500
1 0.880690 0.240625 0.060690 0.143750
1 0.753103 0.778750 0.103448 0.102500
1 0.206897 0.726875 0.162759 0.093750
1 0.167931 0.293750 0.080690 0.140000
1 0.816552 0.712500 0.075862 0.097500
1 0.944483 0.746250 0.111034 0.077500
1 0.818966 0.216875 0.058621 0.176250
1 0.100000 0.383750 0.046897 0.070000
1 0.124828 0.317500 0.062069 0.087500
