1 0.203793 0.683125 0.133103 0.128750
1 0.471034 0.661875 0.082759 0.226250
1 0.565862 0.148750 0.061379 0.217500
1 0.508621 0.177500 0.046207 0.180000
1 0.464828 0.147500 0.056552 0.215000
1 0.311724 0.178750 0.046897 0.182500
1 0.277931 0.229375 0.053793 0.103750
1 0.238621 0.238125 0.057931 0.183750
1 0.839310 0.444375 0.111724 0.168750
1 0.824828 0.715625 0.118621 0.118750
1 0.924483 0.565625 0.113793 0.091250
1 0.919310 0.659375 0.117241 0.113750
1 0.946552 0.725000 0.106897 0.122500
1 0.091724 0.876250 0.120000 0.070000
1 0.854483 0.199375 0.068966 0.181250
1 0.176207 0.270625 0.066897 0.148750
1 0.714483 0.761250 0.099310 0.125000
