1 0.410690 0.599375 0.076552 0.143750
1 0.252759 0.231250 0.086207 0.180000
1 0.346897 0.137500 0.078621 0.172500
1 0.514138 0.141250 0.060000 0.260000
1 0.574828 0.228750 0.051724 0.230000
1 0.735172 0.191250 0.066207 0.180000
1 0.171034 0.270000 0.068966 0.132500
1 0.211724 0.711250 0.111724 0.102500
1 0.472414 0.761875 0.122759 0.123750
1 0.773103 0.758750 0.111724 0.117500
1 0.941379 0.731250 0.117241 0.092500
1 0.832759 0.651250 0.133103 0.115000
1 0.376552 0.788750 0.064828 0.145000
1 0.124483 0.685625 0.079310 0.106250
1 0.296207 0.215000 0.043448 0.125000
1 0.789655 0.176875 0.056552 0.123750
1 0.860345 0.190000 0.071034 0.112500
1 0.908276 0.228125 0.042759 0.086250
