1 0.513103 0.305625 0.088276 0.241250
1 0.510345 0.635000 0.080000 0.167500
1 0.460000 0.741875 0.085517 0.141250
1 0.212414 0.693750 0.137931 0.142500
1 0.389655 0.138125 0.057931 0.183750
1 0.551724 0.120625 0.044138 0.206250
1 0.772069 0.201250 0.071034 0.175000
1 0.743103 0.559375 0.109655 0.138750
1 0.734828 0.739375 0.148276 0.148750
1 0.819655 0.253750 0.082069 0.160000
1 0.505517 0.133750 0.046897 0.165000
1 0.467586 0.113750 0.040000 0.170000
1 0.833103 0.748125 0.117241 0.081250
1 0.932759 0.690000 0.097241 0.105000
