1 0.564828 0.590000 0.067586 0.162500
1 0.576897 0.219375 0.055862 0.221250
1 0.528966 0.132500 0.051034 0.242500
1 0.770345 0.189375 0.068966 0.176250
1 0.268276 0.183125 0.073103 0.148750
1 0.374828 0.196250 0.062759 0.212500
1 0.155862 0.315625 0.085517 0.143750
1 0.208966 0.725625 0.135172 0.106250
1 0.443103 0.655000 0.086207 0.145000
1 0.495517 0.733750 0.091724 0.137500
1 0.815862 0.681875 0.133793 0.121250
1 0.753448 0.787500 0.106897 0.082500
1 0.930000 0.575000 0.106897 0.125000
1 0.811034 0.214375 0.068966 0.168750
1 0.945862 0.733125 0.108276 0.083750
