1 0.132414 0.390000 0.068966 0.130000
1 0.234828 0.495000 0.117931 0.170000
1 0.517586 0.142500 0.051724 0.207500
1 0.650690 0.146875 0.048966 0.208750
1 0.721724 0.191875 0.053103 0.138750
1 0.791724 0.227500 0.055172 0.125000
1 0.388276 0.690000 0.084138 0.167500
1 0.464828 0.764375 0.118621 0.173750
1 0.936552 0.670625 0.111724 0.106250
1 0.331034 0.198125 0.064828 0.183750
1 0.237586 0.183750 0.043448 0.157500
1 0.190000 0.681250 0.140000 0.140000
1 0.926207 0.534375 0.068966 0.098750
1 0.158276 0.274375 0.065517 0.116250
1 0.863103 0.184375 0.055862 0.131250
